GyZ,GyY,GyX,Tmp,AcZ,AcY,AcX
7.9,110.5,-397.95,25.90411,-16.19922,89.59999,-3.600006
8.9,116.4,-400.6,25.92529,-11.19922,68.4,-4.599976
6.7,113.1,-395.2,25.87117,-34.40039,50.59999,-0.6000061
6.3,105.95,-394.5,25.92765,-26.0,81.40001,-25.60004
3.15,115.1,-396.6,25.88765,-41.39844,57.0,11.20001
8.95,114.45,-398.1,25.91353,-54.59961,54.59999,-7.999969
12.1,109.2,-396.35,25.88294,-32.60156,33.60001,20.79999
4.45,114.7,-397.25,25.96764,-32.59961,44.2,-16.20001
9.199999,111.45,-396.35,25.9253,-55.0,68.2,-14.20001
8.900001,109.9,-397.45,25.95353,-28.59961,61.39999,20.39999
7.85,109.75,-398.85,25.96059,-47.0,72.8,-4.800018
7.45,111.45,-401.8,25.94647,-33.59961,54.60001,3.0
4.75,113.7,-401.05,25.96529,-12.59961,57.59999,6.800018
4.85,111.7,-396.15,26.02882,-25.40039,52.79999,1.400024
4.45,116.7,-397.6,25.94177,-38.80078,68.80001,2.600037
16.0,111.35,-398.15,25.92529,-45.59961,65.60002,2.200012
5.7,112.35,-399.75,25.89941,-9.599609,62.60001,-12.60001
11.75,114.5,-397.45,25.92294,-41.00195,69.4,25.59998
1.7,113.4,-397.1,25.88294,-83.59962,53.0,-17.60001
6.55,121.7,-397.8,25.89,-37.80078,61.2,11.20001
11.95,115.3,-402.85,25.91823,-45.40039,45.0,24.80002
8.549999,117.3,-398.4,25.91117,-47.80078,45.99998,9.399994
4.2,114.75,-402.15,25.97706,-30.80273,49.40001,14.40006
6.25,111.25,-398.85,25.96058,-10.19922,59.79999,5.000031
8.950001,112.1,-398.2,25.97706,-34.39844,51.59999,9.200043
8.400002,115.9,-394.2,25.87588,-27.80078,41.40001,10.99997
9.3,112.35,-399.4,25.97236,-38.40039,50.60002,3.399994
5.600001,111.85,-397.75,25.87588,-19.0,41.99998,11.39999
6.4,116.05,-400.1501,25.91823,-5.800781,56.39999,-9.799988
6.5,110.3,-397.15,25.90176,-34.40039,44.2,14.59998
7.45,110.2,-398.35,25.89941,-34.59961,57.8,0.0
8.75,113.95,-396.6,25.92529,-24.00195,53.0,0.2000122
6.55,117.55,-395.3499,25.92294,-29.79883,70.0,8.000031
8.35,110.9,-400.55,25.93,-21.19922,55.8,18.60004
4.75,111.9,-395.35,25.97,-24.59961,27.20001,-14.60001
5.05,111.35,-399.55,25.89941,-19.80078,51.59999,-6.999969
12.1,114.55,-400.05,25.91588,-26.80078,75.60002,18.39999
5.199999,114.7,-399.0,25.87588,-21.39844,44.8,22.00003
6.2,115.75,-397.1499,25.92294,-31.39844,36.0,7.399994
6.400001,110.65,-397.7,25.88765,-7.201172,44.79999,-5.0
6.8,110.8,-400.35,25.92765,-34.19922,47.8,9.399963
4.5,113.95,-396.15,25.93706,-24.79883,54.59999,2.199982
7.399999,111.15,-396.7,25.88764,-29.0,49.60001,10.59998
10.9,115.2,-399.75,26.00765,-21.0,59.0,-17.20001
4.9,105.3,-400.2,25.92294,-15.80078,56.79999,-14.39999
6.2,112.95,-398.6,25.88059,-21.0,37.2,30.0
9.449999,112.05,-401.6,25.93235,-40.60156,42.00002,5.600037
7.649999,111.8,-402.1,25.89706,-18.99805,61.60001,-15.19998
1.0,114.55,-399.6,25.96059,-37.0,51.0,17.39999
5.95,113.7,-397.0,25.88059,-34.80078,67.20001,13.80005
8.549999,114.6,-402.95,25.92765,1.201172,47.60001,17.99994
8.700001,115.4,-391.95,25.88765,-28.0,77.8,8.400024
5.25,115.45,-399.35,25.93471,-33.0,84.00001,-1.800018
8.099999,114.3,-392.7,25.93941,9.0,65.40002,18.00003
8.1,113.5,-400.6,25.96765,-15.80078,61.2,22.79999
4.15,114.8,-399.4,25.90176,-44.79883,36.59999,-9.0
8.9,112.6,-399.8,25.88058,-1.400391,56.39999,6.0
3.55,110.6,-397.2,25.91823,-39.0,53.39998,15.00003
4.849999,116.6,-393.6,25.89471,-14.0,77.60001,-27.59998
12.1,113.45,-398.45,25.94177,-23.79883,69.59998,14.60001
11.25,109.75,-400.5001,25.96529,5.0,55.39999,0.4000244
3.15,115.55,-397.95,25.91588,-43.60157,68.80001,20.60001
5.949999,110.55,-392.4,25.97706,-20.19922,60.2,-2.400024
10.65,113.35,-397.3,25.96529,-52.59961,29.2,13.00003
10.8,116.3,-394.4,25.94177,-27.79883,49.2,-10.79999
6.0,113.2,-395.35,26.06176,-33.19922,30.19998,11.80005
9.25,114.05,-401.9,25.88765,-22.40039,61.40003,5.400024
8.55,111.45,-401.4,25.92765,-20.59961,51.39999,13.20001
12.1,117.7,-400.95,25.8947,-42.0,24.79999,-12.39999
7.6,115.35,-400.35,25.88294,-66.80078,53.79999,-6.799957
10.8,112.8,-397.05,26.00059,-18.00195,60.0,2.199982
4.849999,107.2,-391.7,25.89235,-6.0,51.8,19.0
6.600001,110.85,-397.1,25.87823,-23.20117,62.00002,2.600006
10.05,116.9,-396.65,25.89706,-16.59961,51.8,1.0
-1.8,115.8,-399.25,25.98176,-25.40039,58.80002,17.60001
7.75,109.5,-394.95,25.88765,-26.59766,45.79999,4.799988
4.35,111.05,-398.5,25.88058,-53.59961,79.60002,-10.20004
9.45,118.15,-393.75,25.86647,-63.0,56.39999,-4.799988
9.05,113.0,-399.3,25.93,-34.59961,72.0,20.79999
11.1,117.55,-397.55,25.94177,-23.40039,80.19999,3.200012
8.950001,114.35,-398.55,25.92059,-52.40039,34.39999,23.0
11.05,112.15,-397.4,25.93235,-27.0,62.59999,25.60001
10.25,115.1,-396.15,25.89706,-51.60352,72.39998,12.60001
3.95,114.95,-398.2,26.00765,-4.199219,64.60001,5.199982
8.15,174.4,-417.15,25.91588,18.59961,20.59999,-6.800018
7.65,87.24999,-394.0,25.97471,-48.0,61.40001,-4.600006
6.300001,109.7,-397.7,25.92529,-27.60156,44.8,8.799988
8.199999,115.75,-401.2,25.96294,-30.80078,56.2,16.40002
11.6,114.95,-402.2,25.92764,-23.40039,57.99999,-11.19998
2.35,-519.2,-229.65,25.91352,117.6016,9.199997,-78.4
-4.2,-762.25,-197.25,25.88058,-298.1992,118.0,274.6
11.4,528.4,-496.5,25.87588,-30.60156,83.2,133.4
2.300001,3.699989,-368.85,25.88765,88.39844,80.80001,80.99998
156.05,12.95,-377.65,25.92294,8.0,237.6,277.6
183.95,105.05,-396.65,25.93,-32.59961,-42.40003,29.19998
151.6,62.10001,-393.9,25.89,-44.79883,120.8,196.4
8.95,148.5,-405.25,25.95824,-28.0,66.0,166.0
6.25,97.90001,-399.35,25.94412,1.800781,60.19998,176.2
7.1,109.85,-391.25,25.93941,-36.59961,90.4,152.4
5.6,97.50001,-391.7,25.93,-43.59961,99.4,188.6
162.3,90.30002,-400.65,25.97941,-51.79883,316.4,418.4
1284.15,79.55,-405.9999,26.01,-31.39844,-110.2,0.6000366
1594.65,96.15001,-416.1,25.88058,-23.00391,-41.60001,42.59992
586.4,121.0,-405.65,25.92294,-10.59961,-11.0,475.0
947.9499,77.45,-404.35,25.89235,-55.0,132.6,-98.79999
18.45,31.6,-394.95,25.91353,-38.0,68.60001,103.2
7.050001,63.29999,-406.3499,25.91352,-59.40039,103.6,211.6
8.75,110.75,-395.8,25.93471,-14.40039,116.6,184.8
8.3,91.74998,-398.4,25.89941,-21.19922,100.8,156.2
363.35,1.000001,-399.85,25.92059,-89.19922,275.4,799.6
913.9,162.25,-412.85,25.92529,-38.80078,11.39999,165.2
28.2,197.35,-406.85,26.01235,-30.0,58.00002,102.0
11.45,236.45,-403.85,25.92059,-51.59961,106.6,154.5999
919.85,496.2,-639.95,25.98412,-120.0,-16.59999,242.0
831.95,3079.4,-1362.6,25.98177,153.1523,-149.0,36.59998
2111.25,7703.75,-1018.4,25.98882,-30.0,65.60001,-195.2
1145.55,6408.199,-900.4,25.93,-198.6016,-296.1999,-1808.2
-71.45,6472.75,-659.75,25.99353,-301.002,-134.0,-2536.4
-538.8,6924.85,-528.6,25.87823,-415.4004,-262.2,-3196.6
-248.5,5595.85,-490.3,25.97706,-563.0,-364.3999,-3695.2
6.749997,6577.8,-629.1,25.92764,-741.3984,-142.0,-4621.2
226.4,4169.65,-612.25,25.88529,-910.1992,-369.9999,-4919.6
232.35,3506.95,-533.7,25.96059,-1058.6,-237.5999,-5318.0
196.8,3665.95,-600.65,25.88058,-1332.799,-301.2,-5799.2
24.85,4511.15,-531.7499,25.8947,-1361.6,-362.0001,-6114.4
119.85,4555.4,-509.6,25.92529,-1759.001,-305.1999,-6829.8
326.4,3385.3,-625.85,25.9347,-1797.0,-411.6,-7093.2
75.35001,1922.1,-422.4,25.97,-2047.802,-368.4,-7386.6
177.8,2055.35,-433.3499,25.90882,-2166.399,-222.6,-7616.199
325.35,3432.65,-597.2,25.89,-2302.2,-331.2,-7846.2
479.95,2058.85,-689.65,25.92529,-2435.999,-324.0,-8077.399
286.65,1366.35,-386.4,26.02176,-2553.0,-251.8,-8281.401
134.45,2185.8,-321.65,25.93941,-2626.4,-317.6,-8370.4
280.75,2203.05,-504.0999,25.96764,-2715.4,-310.4,-8631.4
206.55,2326.25,-539.25,25.98176,-2890.001,-301.0,-8792.0
306.4,3466.8,-648.5001,26.00294,-3159.8,-312.0,-9097.4
110.05,3462.45,-550.4499,26.11588,-3351.599,-303.0,-9484.599
285.25,4953.55,-681.85,25.94647,-3617.2,-327.0,-9810.799
84.85001,2344.25,-538.1,25.91824,-3961.4,-294.4,-10193.0
4.849999,1862.95,-475.45,26.02176,-4025.801,-451.0001,-10254.2
-60.35,1684.35,-445.1,25.9253,-4240.2,-336.2,-10469.4
-75.0,2038.5,-451.75,25.93941,-4366.001,-440.3999,-10605.4
121.95,2664.55,-550.6999,25.92059,-4696.599,-363.2,-10956.0
349.95,3326.1,-875.2501,25.91353,-4806.2,-334.6,-11044.4
176.45,2539.45,-650.2999,25.90647,-4871.601,-387.9999,-11242.8
1.85,1129.8,-472.0,25.92764,-5241.799,-444.8,-11543.2
-11.9,1399.25,-358.3,25.88294,-5200.601,-395.8,-11515.2
19.55,1340.15,-516.65,26.05941,-5349.0,-385.2,-11672.8
84.24999,1954.2,-576.8999,25.99588,-5589.799,-344.1999,-11883.2
140.1,2643.3,-738.3,25.93471,-5573.2,-356.6,-11878.8
18.65,996.0499,-483.95,25.96765,-5883.4,-415.4001,-12159.6
-10.6,1331.2,-427.3499,25.88529,-6043.0,-404.6,-12252.2
78.29999,1347.9,-507.1,25.88058,-6130.599,-480.4,-12270.6
41.35,1057.7,-398.1,26.06412,-6297.2,-414.0,-12535.4
23.0,603.7999,-393.15,25.88529,-6353.2,-419.2,-12493.2
-49.85,696.05,-342.3,25.97,-6361.601,-406.4,-12513.0
90.95,1892.35,-515.35,25.89941,-6557.2,-360.0,-12618.6
183.05,1058.55,-537.2499,25.91353,-6664.999,-460.6,-12708.4
87.45001,714.0999,-370.05,25.92294,-6666.199,-404.4,-12715.6
71.95001,437.6501,-380.5,26.07118,-6737.199,-438.3999,-12769.8
117.35,421.15,-379.2,25.93235,-6739.0,-437.4,-12795.0
205.8,109.05,-388.4,25.97706,-6792.599,-353.2,-12799.0
175.45,388.8499,-331.05,25.88529,-6719.2,-341.6,-12832.2
265.95,368.45,-281.3,25.94647,-6765.0,-328.3999,-12815.0
209.5,245.5,-351.05,25.88765,-6843.801,-298.8,-12861.6
194.75,390.5,-258.0,25.88764,-6846.0,-284.0,-12872.2
214.4,200.0,-391.2,25.93941,-6831.799,-269.0,-12887.2
283.75,254.4,-460.7,25.89,-6858.399,-241.6,-12904.0
165.6,228.4,-404.65,25.92529,-6896.6,-210.4,-12916.6
177.45,-67.9,-395.8,25.91588,-6928.201,-177.4001,-12926.2
128.85,-322.4,-346.0,25.97,-6897.999,-198.2,-12944.2
83.69999,-208.55,-322.5,26.01235,-6777.801,-146.2,-12831.6
72.0,322.2,-347.1001,25.92765,-6848.599,-174.2,-12893.2
35.5,410.8,-142.85,25.95118,-6779.8,-149.6,-12894.2
31.65,411.2,-268.55,25.91353,-6830.001,-134.8,-12946.2
60.65001,59.15,-327.5,25.89,-6903.6,-102.2,-12910.2
23.6,112.3,-329.5501,25.94412,-6838.0,-90.59998,-12882.6
61.05,171.55,-389.8,25.93235,-6877.799,-102.4,-12911.2
26.95,369.2,-384.5,25.92294,-6845.6,-110.4,-12885.4
55.4,284.75,-382.2,26.00529,-6921.8,-117.6,-12964.4
39.40001,208.75,-371.5,25.91823,-6933.4,-100.0,-12896.8
44.30001,102.3,-370.95,25.93235,-6931.6,-102.0,-12941.0
10.2,209.8,-361.25,25.94177,-6910.801,-69.80002,-12949.8
16.4,171.45,-367.7,25.88058,-6942.2,-66.59997,-12958.4
12.65,25.5,-316.35,25.93235,-6924.4,-76.80002,-12923.8
55.70001,86.45,-344.65,25.90176,-6912.2,-69.80002,-12930.6
82.30001,161.95,-419.65,25.87118,-6943.799,-66.80002,-12972.4
96.25,-0.7500005,-400.65,25.92294,-6854.199,-92.4,-12916.6
51.55,190.5,-376.5,26.10177,-6922.399,-62.60001,-12921.8
31.10001,160.05,-354.65,26.01235,-6893.2,-59.4,-12926.2
42.8,212.9,-387.9,25.93941,-6881.599,-38.0,-12927.0
53.5,371.0,-394.6,26.02412,-6978.399,-43.59998,-12950.8
67.55,135.4,-393.05,25.97941,-6988.0,-24.40001,-12966.2
52.6,22.95,-359.9,25.94177,-6934.002,7.199997,-12935.2
16.9,576.45,-349.25,25.93235,-6943.6,-6.600021,-12973.0
79.35001,-114.3,-354.85,26.06882,-6979.801,-43.4,-12984.8
62.6,187.65,-406.9,25.98411,-6912.199,8.200012,-12943.4
54.9,-11.35,-463.5001,25.98412,-6986.799,-7.0,-12998.4
31.15,-136.2,-435.2,26.01,-6963.399,-8.600021,-12971.2
30.95,-101.9,-427.45,25.89235,-6936.2,-3.800003,-12935.8
9.4,7.900001,-394.3501,25.98647,-6946.6,8.799988,-12955.6
16.4,505.8,-404.55,25.89706,-6914.399,-16.40002,-12923.4
10.0,341.6,-404.2,26.02412,-6966.2,-7.399994,-12976.6
16.25,24.0,-417.7999,25.97941,-6979.199,-8.800018,-12989.4
17.6,-70.45,-423.85,25.93941,-6953.399,-22.4,-12974.0
15.05,148.65,-403.9,25.98882,-6983.2,20.20001,-12968.6
11.55,171.75,-400.8,26.07353,-6992.2,9.600006,-12946.2
6.05,133.85,-397.95,25.98176,-6969.2,-8.600006,-12939.2
33.45,123.55,-436.0,25.92765,-6985.799,-6.999985,-12973.6
4.7,-73.2,-392.95,26.02412,-6966.001,-15.59999,-12996.0
10.7,-61.49999,-390.45,25.98882,-6942.6,-0.5999908,-12945.0
2.1,95.0,-399.9,25.98412,-6876.4,-7.599991,-12920.2
11.75,435.0,-405.6999,25.97471,-6946.599,-5.599991,-12946.2
50.0,8.199995,-455.85,25.95353,-6931.801,2.199997,-12958.4
11.6,-168.85,-406.3,25.94882,-6924.599,-4.0,-12969.8
11.7,282.95,-404.5499,25.98882,-6890.0,6.800018,-12875.4
7.0,157.55,-401.55,25.88765,-6933.2,-3.399994,-12976.2
8.8,217.0,-399.3,25.97,-6919.999,6.599991,-12943.2
10.05,79.50002,-395.7,26.05941,-6949.2,-9.000015,-12980.0
0.6499999,235.0,-395.3,25.9347,-6936.6,28.8,-12915.4
3.6,24.74999,-385.95,26.0853,-6965.399,1.799973,-12985.6
8.25,125.45,-405.8,25.9347,-6895.2,-1.800018,-12927.8
6.25,204.05,-400.3,26.00294,-6976.599,-2.199982,-12971.4
7.5,-29.95001,-395.6,26.06412,-6974.0,3.0,-12954.6
13.6,199.5,-401.1,26.11353,-6960.999,4.600006,-12940.2
16.85,98.84999,-412.2,26.07588,-6978.799,-8.600006,-12982.0
8.849999,250.75,-402.4001,26.02176,-6947.402,10.19997,-12956.0
7.349999,302.0,-399.45,26.09,-6929.001,19.39999,-13005.0
7.65,49.15,-395.1499,26.06647,-6969.601,27.39998,-12970.2
3.75,-70.3,-392.5,25.98647,-6982.8,4.0,-12986.8
9.65,193.55,-396.65,25.97706,-6921.801,12.40003,-12990.6
13.55,-183.3,-415.65,25.89235,-6922.399,0.1999969,-12969.6
11.05,127.95,-399.4,25.98412,-6946.8,-0.1999664,-12955.8
22.55,67.7,-415.95,26.03824,-6935.0,27.40001,-12971.8
4.65,304.95,-403.85,26.06647,-6922.2,-11.8,-12953.2
10.6,238.7,-401.2,25.9347,-6957.0,-3.800003,-12968.2
41.99999,-49.05,-443.0,25.90647,-6973.802,10.40001,-12955.2
22.9,-209.95,-419.25,26.01941,-6925.8,10.0,-12968.4
6.7,83.70001,-400.2,26.15118,-6935.0,18.60001,-12912.0
5.550001,243.5,-402.4001,25.93941,-6910.4,-10.0,-12926.8
4.55,242.15,-388.8,26.03823,-6979.399,29.8,-12947.8
8.400001,145.25,-402.3999,25.98176,-6929.399,12.00002,-12970.4
-2.2,-299.55,-388.75,26.03353,-6944.4,20.60001,-12958.6
5.800001,39.1,-394.8,25.98647,-6881.6,27.60001,-12893.6
12.85,396.25,-405.6,25.98176,-6910.0,-6.599945,-12904.8
12.15,249.8,-402.9,26.03823,-6944.4,17.2,-12971.8
12.55,170.5,-397.85,25.96764,-6955.4,1.199997,-12967.8
6.900001,-29.95001,-393.1,26.00765,-6939.2,-0.8000031,-12956.6
1.6,159.6,-397.3,25.93706,-6972.6,-1.800003,-12947.8
15.1,284.25,-400.65,25.98412,-6976.2,16.80002,-12969.4
6.05,141.25,-399.95,25.94882,-6983.399,7.400009,-12979.2
6.45,6.100003,-398.2,25.89236,-6940.0,6.600006,-12987.0
5.150001,109.15,-402.8,25.95353,-6926.402,12.20001,-12936.4
10.05,179.7,-398.6,26.01471,-6935.199,6.400009,-12974.6
12.0,185.35,-399.55,25.94647,-6972.801,3.0,-12971.2
7.199999,38.75,-403.05,25.99588,-7000.799,2.599991,-12957.8
9.499999,169.15,-395.9,25.98647,-7008.599,13.59999,-12952.2
15.85,172.2,-399.65,26.00765,-6994.4,10.79999,-12969.4
36.65,-196.0,-454.1501,25.92294,-7003.601,-4.600006,-12989.8
12.1,224.8,-402.95,25.98412,-6937.4,6.399994,-12941.6
11.2,115.45,-399.4,26.07823,-6964.799,22.2,-12986.0
6.8,98.65,-395.1499,26.07118,-6961.6,-4.399979,-12962.6
7.099999,73.99999,-401.15,26.03118,-6957.799,-13.0,-12946.0
7.650001,157.05,-401.6,26.06647,-6932.799,3.199997,-12975.8
7.7,44.35,-396.45,26.12059,-6970.8,12.99999,-12949.6
18.3,24.0,-414.25,25.93235,-6933.801,7.800003,-12954.4
6.65,130.45,-399.9,26.06883,-6964.2,19.39999,-12959.2
3.55,83.85,-396.1499,26.07824,-6973.601,28.8,-12949.4
13.5,221.95,-407.45,26.07353,-6899.601,27.0,-12954.2
33.3,96.15,-427.8999,26.04765,-6951.002,1.800003,-12958.8
34.85,188.0,-431.4,25.91353,-6944.402,0.0,-12962.8
2.1,14.50001,-398.0,26.12294,-6967.6,17.99999,-12948.0
7.599999,257.25,-402.75,25.91823,-6933.8,-0.4000092,-12947.0
11.35,-19.95,-396.8,25.95824,-6992.799,4.199966,-13012.8
2.35,166.35,-396.7999,25.93235,-6974.4,7.599991,-12972.4
4.05,121.3,-392.05,26.03117,-6975.399,12.40003,-13006.6
6.0,43.7,-396.6,26.04059,-6952.801,6.800018,-12962.0
7.55,98.4,-402.05,25.97,-6975.8,6.400009,-12957.8
-8.0,305.6,-375.25,26.03588,-7001.599,-7.399994,-12955.4
13.15,205.95,-400.8,25.99588,-6985.999,17.40003,-12969.2
6.95,140.15,-399.9,26.00059,-7020.6,4.600006,-12990.4
3.650001,113.0,-398.1,26.04059,-7015.999,12.39999,-12985.6
5.95,-15.45,-394.2,25.94412,-6966.802,-5.399979,-12993.4
9.150002,308.7501,-402.95,25.94412,-6961.6,19.2,-12991.8
5.5,104.0,-396.85,26.11353,-6990.201,-8.0,-12987.4
0.04999995,190.3,-386.05,25.97941,-7004.6,2.800018,-13023.4
7.75,82.35,-394.9,26.05941,-6956.199,-14.39999,-13023.0
27.15,-182.45,-433.75,26.06647,-7041.999,-14.80003,-12954.0
6.650001,238.85,-402.15,26.02882,-6980.4,-3.800003,-12983.2
6.699999,126.1,-399.8,25.89941,-6993.399,6.999985,-12972.0
12.45,318.8,-401.3,25.91588,-6986.999,7.400009,-12987.8
6.6,131.6,-402.15,25.99118,-6998.001,15.59999,-12999.6
26.2,104.95,-415.7001,26.03118,-7063.599,-4.400009,-12997.4
5.9,108.1,-398.4,26.00765,-6993.999,-29.2,-12975.4
6.35,110.6,-395.45,26.18883,-7005.601,29.0,-13008.6
6.2,139.8,-398.15,26.16059,-6984.001,23.80002,-13011.2
9.150001,211.15,-400.25,26.08294,-6984.8,11.20001,-12999.4
5.3,57.5,-401.15,26.00059,-7029.398,8.600021,-13007.8
5.5,77.5,-402.35,25.99588,-6992.599,2.0,-12982.6
5.45,90.8,-400.65,25.91588,-6984.802,13.59999,-12977.2
8.0,215.7,-401.1,26.12294,-7026.8,25.60001,-12979.4
11.8,236.1,-400.55,25.98882,-7025.402,13.39999,-13007.4
8.9,109.05,-399.6,25.94883,-7026.799,-8.800018,-13008.2
24.75,29.1,-428.2001,26.09235,-7051.601,4.199982,-12994.4
6.25,65.59999,-392.0,26.08059,-7024.4,-0.8000031,-13014.8
5.200001,215.85,-401.7,26.08059,-7009.4,-11.0,-13006.2
4.65,-53.85,-393.75,26.03118,-7011.8,21.39999,-12999.4
17.2,277.85,-416.1,26.25,-6976.2,1.0,-13022.6
4.599999,25.65,-398.25,26.02176,-7021.0,14.60004,-13023.0
18.05,43.6,-406.25,26.09706,-7018.0,12.20001,-13016.0
5.050001,31.3,-397.2,26.03588,-7017.799,10.2,-13015.6
28.25,212.9,-414.5,26.06882,-6981.799,11.8,-12977.8
39.55,313.2,-448.65,26.09,-7038.799,3.799988,-13023.8
16.5,316.0,-404.05,26.09941,-7044.2,-11.2,-13039.2
12.55,79.70001,-413.4,26.08294,-7066.599,-6.400009,-13034.8
-0.5000001,10.9,-400.65,25.89941,-7050.2,2.799988,-13002.0
21.3,-216.1,-414.0999,26.03118,-7000.6,-23.60002,-13004.8
24.5,-26.25,-427.4,26.14176,-7011.802,-31.99999,-13009.4
25.3,268.5,-423.95,25.94882,-6983.599,6.400024,-12970.0
26.7,278.7,-425.0499,26.05235,-7037.4,20.79999,-13010.2
7.250001,101.9,-400.5,26.1253,-7047.199,40.0,-13000.8
9.5,170.6,-402.05,26.04294,-6989.001,8.599991,-12991.2
-29.85,168.65,-354.5,26.20529,-6997.999,5.199997,-13006.6
10.15,285.95,-398.75,26.06647,-7044.0,11.0,-13029.8
27.3,305.25,-419.1,26.16059,-7026.0,13.20003,-13031.4
63.2,-67.05,-475.7,26.06412,-7032.0,0.6000214,-13027.2
64.95,-216.8499,-476.3999,26.13,-7042.801,55.39999,-12985.6
20.75,362.7,-412.9,26.08059,-6990.201,27.59998,-12989.0
-1.8,491.6999,-386.85,25.95588,-7089.2,1.000015,-13041.2
12.4,215.2,-400.5,26.16529,-7089.199,-10.79997,-13067.8
43.25,-27.8,-452.4,25.99118,-7081.001,-0.2000122,-13089.4
22.9,149.2,-417.85,26.09471,-7089.401,-0.8000031,-13035.2
28.15,142.4,-412.0,26.07823,-7040.2,13.0,-13056.0
12.05,-139.55,-410.1,26.09,-7097.001,7.199997,-13026.4
12.1,182.2,-405.55,26.16059,-7034.201,-1.399994,-13032.6
54.25,257.5,-455.8,26.10177,-7092.198,-10.20001,-13065.6
48.4,-71.94999,-459.3,25.99588,-7045.0,5.799988,-13029.2
27.8,161.0,-424.85,26.11118,-7073.8,1.400024,-13064.0
42.25,122.5,-445.0,26.02647,-7048.198,28.60001,-13030.0
22.4,-29.64999,-413.15,25.97941,-7062.999,17.40004,-13038.8
74.65001,149.9,-494.85,26.01236,-7052.199,4.0,-13007.2
34.3,5.399999,-434.6,26.09706,-7063.6,9.599991,-13015.6
26.0,199.85,-421.4,26.13,-7037.0,-7.000015,-13003.0
8.599999,-93.89999,-396.2,26.12059,-7065.6,18.99999,-13043.4
6.999999,307.9,-400.25,26.13235,-7017.6,15.79999,-13018.4
-0.1000001,-52.2,-395.8,26.13,-7038.4,7.600021,-13038.2
8.200001,35.95,-394.8,26.06412,-7018.402,-1.199966,-13000.8
7.3,178.25,-397.7,26.07823,-7035.199,-2.999985,-12989.4
51.15,276.35,-450.0999,26.06412,-6999.198,7.999985,-12999.6
-24.55,15.45,-352.1,26.11824,-7014.6,0.4000244,-13029.8
12.55,-11.55,-410.5,26.11588,-7037.199,35.39999,-12999.8
-30.3,226.0,-353.1001,26.00294,-6987.601,-1.599976,-12979.4
-55.59999,528.45,-306.35,26.09706,-7067.4,8.200012,-13058.0
-1.65,425.95,-377.05,26.12059,-7110.801,4.799988,-13048.4
-26.15,346.55,-349.0999,26.01941,-7111.399,16.19998,-13026.4
-20.0,369.2,-362.05,26.17706,-7133.0,13.80002,-13093.6
-29.35,53.69999,-349.5,25.95588,-7170.0,25.40001,-13134.6
-14.8,234.65,-370.5,26.12059,-7155.8,30.20003,-13081.8
12.1,141.0,-398.85,25.95118,-7190.601,2.199997,-13090.0
8.45,144.35,-398.05,26.11824,-7186.999,10.8,-13092.6
7.35,248.3,-403.6,26.1253,-7162.999,16.39999,-13112.2
19.8,47.65001,-416.9,26.07118,-7132.0,5.800018,-13093.2
4.2,50.0,-404.45,26.12765,-7171.399,17.20001,-13111.4
11.95,251.75,-400.0,26.02177,-7172.6,24.40001,-13055.6
7.650001,199.6,-400.85,26.08529,-7172.0,-1.999985,-13119.2
8.400002,138.1,-395.75,26.06647,-7165.8,6.399994,-13123.0
7.55,117.15,-395.65,26.16529,-7206.201,3.999985,-13118.6
3.8,-60.70001,-393.95,26.03118,-7154.4,4.399963,-13121.2
-61.65001,298.8,-300.35,26.13941,-7190.2,31.40001,-13135.0
-24.0,183.55,-355.5,26.04294,-7221.399,-14.0,-13148.0
13.4,189.0,-395.1,26.05235,-7236.0,5.400024,-13169.0
6.35,144.55,-400.55,26.04529,-7233.999,-4.200012,-13189.8
10.95,72.05,-395.8,26.29706,-7210.0,3.200012,-13143.0
43.85,46.35,-449.15,26.03588,-7203.401,24.20001,-13117.2
20.05,27.4,-410.95,26.16765,-7217.199,7.600006,-13172.8
5.1,153.1,-396.0,25.99824,-7192.4,11.2,-13109.0
-7.55,207.65,-382.6,26.13,-7215.0,11.39999,-13139.8
4.4,18.65,-393.85,26.04765,-7225.601,34.60001,-13146.6
0.15,-38.7,-394.65,26.14647,-7167.199,-0.5999908,-13134.0
4.799999,26.5,-396.5,26.04294,-7193.399,19.2,-13119.2
1.1,194.15,-394.65,26.01236,-7160.398,4.600006,-13137.2
13.4,44.3,-396.75,26.03823,-7210.801,12.20001,-13125.4
26.3,94.5,-418.5501,26.09236,-7181.199,0.0,-13106.6
16.7,48.40001,-416.8499,26.25,-7216.2,34.60002,-13102.2
6.05,189.45,-399.15,26.18412,-7191.601,7.800018,-13100.6
6.0,173.7,-393.35,26.03823,-7182.2,8.0,-13143.6
8.9,183.45,-399.7,26.22411,-7214.201,24.20001,-13154.8
4.5,94.25002,-400.7,26.17706,-7194.599,24.8,-13167.2
6.0,-4.150002,-401.6,26.21235,-7190.2,-8.399994,-13147.0
4.75,-57.7,-400.35,26.13,-7188.199,14.80002,-13129.4
1.25,-24.4,-394.9,26.04765,-7171.6,-10.99998,-13118.4
5.4,195.7,-401.3,26.03353,-7156.0,11.60001,-13065.8
10.8,127.6,-403.3,26.09,-7161.399,5.000015,-13112.4
7.050001,112.9,-392.75,26.13941,-7186.601,16.2,-13131.0
-4.55,-345.65,-395.05,26.06176,-7140.399,5.799988,-13109.0
-24.85,-996.65,-376.8,26.09471,-7026.999,44.8,-13004.2
-207.15,-575.5999,-129.85,26.11588,-6968.401,94.79999,-12950.6
-99.05002,-424.7499,-274.55,26.17471,-6912.797,-55.60001,-12931.8
118.0,1008.5,-531.65,26.07588,-6904.6,-275.0,-12886.2
141.95,1023.35,-576.0,26.13706,-7069.602,80.99998,-13111.4
7.55,1200.4,-391.85,26.0947,-7176.399,29.80002,-13119.8
17.8,182.75,-429.9,26.05941,-7199.6,-5.199997,-13126.0
30.15,-1523.05,-409.35,26.00529,-7030.001,42.60001,-13099.2
-236.5,-1104.55,-83.5,26.13706,-6981.4,84.60001,-12921.6
121.95,1433.55,-762.95,26.13235,-7174.002,-602.8,-13024.8
1412.25,1626.7,-2535.3,26.01,-6986.001,-72.19998,-12905.4
-48.05,349.15,-383.75,26.07823,-7085.401,-18.60002,-13246.8
-88.1,-2740.6,-134.85,26.13235,-7075.799,110.2,-13073.2
-219.7,-4202.6,139.65,26.13235,-6809.4,-33.0,-12863.8
44.20001,-5028.699,245.85,26.03353,-6230.2,-239.4,-12419.6
292.9,-6415.05,-459.65,26.09471,-5684.4,39.20001,-12171.0
169.35,-3464.05,1833.9,26.05235,-5015.599,244.0,-11505.8
330.15,-3464.6,1273.6,26.21236,-5324.199,463.0,-11362.0
171.05,-2714.35,813.1001,26.16765,-4643.201,504.6,-10864.4
-152.3,-3334.7,989.8999,26.12294,-4623.399,606.2,-10846.4
239.8,-3210.9,1335.3,26.16294,-4006.999,675.6,-10681.2
360.35,-3496.9,924.75,25.96294,-4109.0,905.1999,-10292.0
139.05,-3693.05,846.25,26.15353,-3710.199,1050.8,-9777.8
-109.8,-2634.5,-231.1,26.04765,-3697.199,1171.6,-9397.201
-720.35,-2849.95,-18.05,25.99588,-3190.2,1398.0,-9263.4
-236.95,-1856.6,758.5,26.19588,-2627.001,1124.2,-9094.601
1040.4,-999.95,2204.4,26.13471,-1828.601,1725.2,-9730.801
3099.25,-1750.1,4877.45,26.13235,-2642.2,1635.6,-8849.4
2448.9,111.45,3093.1,25.98647,-4530.0,2666.0,-8055.8
1418.3,1688.35,-13.99999,26.17471,-2749.602,2600.0,-8551.6
903.5,3281.05,1045.05,26.18412,-3276.0,3027.4,-9481.4
2462.4,6977.8,1925.15,26.20529,-2757.201,3025.0,-9017.801
713.9001,5092.349,2741.45,26.08529,-4665.399,3587.8,-9407.8
981.35,7037.85,577.2501,26.19588,-4177.599,3812.0,-10068.4
509.45,2619.35,1702.45,26.00294,-4754.6,3757.6,-10432.2
668.9501,1486.1,1542.8,26.10883,-5091.001,4285.2,-11213.6
2036.35,-409.75,1524.6,26.01,-5641.6,4080.4,-10549.4
615.1499,1023.55,355.15,26.26647,-5588.999,4736.0,-10698.0
1581.6,1498.85,947.5999,26.07117,-5098.8,5043.0,-11383.4
2574.2,2173.95,2096.2,26.11353,-5519.6,5120.2,-10936.4
2566.5,2935.65,3277.15,26.10177,-5785.8,5630.001,-11002.6
1880.35,3578.5,2992.7,25.98647,-6823.4,5810.201,-10896.2
1207.6,3389.55,723.65,26.2053,-7417.999,6390.4,-11149.0
1424.85,1267.3,319.5499,26.25941,-6656.6,6472.0,-11336.4
1162.75,1606.05,649.05,26.18176,-7387.2,6783.199,-11789.2
1755.45,2217.15,1215.8,26.15118,-7016.4,6882.801,-11630.4
2589.15,2046.2,1700.2,26.21941,-7888.6,7285.999,-11628.8
980.5499,1265.85,286.25,26.10883,-7961.6,7506.799,-11268.0
302.8,521.65,385.05,26.14412,-8184.8,7731.2,-11620.0
1022.25,826.2501,564.55,26.25471,-8293.8,7936.4,-12093.0
924.65,592.9,301.3,26.28059,-8295.801,7868.201,-11184.8
420.95,-83.20001,87.85001,26.21,-8426.2,8232.6,-11747.4
1111.35,-372.05,-108.2,26.06883,-8392.6,8188.8,-11467.6
1080.75,-732.75,270.15,26.05941,-8502.398,8201.2,-11540.8
920.2,-786.2499,-179.1,26.19588,-8362.201,8455.201,-10996.6
195.85,-281.8,-315.8,26.05941,-8406.4,8369.601,-10937.6
91.65,86.90001,-170.6,26.14412,-8231.601,8422.8,-11400.0
600.3,58.24999,-100.85,26.18412,-8205.601,8482.8,-11109.6
549.5,104.25,-109.45,26.08059,-8338.599,8572.001,-10935.4
106.6,511.2999,80.6,26.03118,-8203.401,8601.8,-10972.2
541.5,208.95,432.8,26.19823,-8325.8,8696.001,-11421.0
958.25,4.399998,176.5,26.09706,-8977.201,8713.401,-10888.4
163.2,150.7,-350.95,26.20294,-8402.801,8806.399,-11014.8
13.5,-34.7,-422.3,26.26177,-8674.399,8924.6,-10861.6
-85.44999,312.9,-275.15,26.18647,-8337.2,8817.401,-11025.6
-111.65,226.9,-345.3,26.13471,-8621.2,8859.199,-11093.0
408.95,-156.55,-694.6,26.09706,-8649.401,8866.798,-11171.8
164.8,-108.4,-646.55,26.07588,-8352.4,8751.8,-10781.8
-176.5,0.1000118,-730.95,26.14647,-8372.199,8999.4,-11295.6
337.05,-1.349999,-637.7,26.27588,-8479.2,8899.199,-11063.2
249.45,-33.35,-570.95,26.18176,-8393.8,8859.599,-10898.8
123.15,309.6,-350.2,26.19588,-8253.401,8836.4,-10793.2
-135.1,64.3,-299.7,26.19353,-8434.401,8855.0,-10941.6
49.5,-55.05,-562.15,26.04765,-8200.801,8827.0,-10848.4
-102.6,137.65,-590.2501,26.15353,-8350.6,8860.4,-10916.4
-56.45,70.14999,-391.2501,26.16059,-8406.801,8819.4,-10963.0
78.35001,133.7,-557.85,26.19353,-8321.599,8804.999,-10805.2
-105.2,107.15,-340.15,26.15118,-8393.199,8808.801,-10954.6
90.95,6.949997,-481.25,26.26177,-8334.0,8809.8,-11011.0
-25.95,28.9,-449.8,26.09235,-8279.6,8809.2,-10839.6
-8.150002,241.9,-321.3,26.13941,-8309.602,8810.802,-10959.2
199.7,141.65,-401.65,26.1653,-8212.601,8847.601,-10899.2
64.95,201.95,-359.65,26.26882,-8338.6,8797.6,-10922.8
47.0,61.0,-426.8,26.16294,-8380.401,8817.2,-11003.4
125.85,84.50001,-420.8,26.16059,-8334.0,8828.402,-10898.6
-51.95,177.8,-339.8,26.2453,-8418.0,8853.6,-10874.6
-65.55,-17.55,-418.8,26.22177,-8338.6,8837.2,-10946.8
104.4,10.95,-389.85,26.20059,-8415.599,8843.2,-10861.0
-107.05,-110.35,-342.9,26.05235,-8252.601,8827.4,-10877.4
-33.50001,-15.6,-335.3,26.13941,-8255.401,8877.4,-10963.8
123.75,-50.15,-456.35,26.15589,-8286.601,8795.799,-10809.4
-92.4,99.65,-388.4999,26.15353,-8289.2,8838.599,-10786.6
-119.25,236.65,-254.1,26.06883,-8322.999,8841.201,-10960.4
-34.2,96.2,-391.9,26.14412,-8280.999,8824.599,-10963.4
-31.3,252.35,-352.3,26.06177,-8249.802,8812.201,-10899.6
1.550001,198.4,-375.3,26.23353,-8317.0,8818.601,-10935.6
-22.9,108.2,-355.2,26.22176,-8332.001,8846.999,-10936.0
118.0,162.05,-442.55,26.10883,-8325.799,8823.2,-10874.8
-99.09999,167.95,-320.9,26.28059,-8286.6,8816.6,-10885.2
-19.0,240.6,-359.35,26.22412,-8328.599,8813.4,-10895.6
-88.04999,294.3,-341.7,26.19823,-8418.601,8851.6,-10935.0
-12.3,219.6,-392.7,26.19588,-8422.4,8830.4,-10963.2
-14.45,235.1,-377.55,26.10883,-8412.6,8834.4,-11018.0
101.45,188.1,-365.7,26.16059,-8386.001,8815.4,-10956.0
41.8,248.15,-259.2,26.25471,-8468.0,8828.999,-10962.2
-25.95,152.15,-379.4,26.20529,-8397.0,8857.399,-10976.2
58.4,208.35,-410.6499,26.08059,-8434.6,8850.6,-10962.2
-55.65,207.9,-337.05,26.15588,-8431.8,8866.602,-10933.4
2.05,144.2,-392.45,26.17,-8484.599,8855.399,-11050.8
10.55,56.8,-395.25,26.16529,-8457.399,8846.999,-10952.4
-80.49999,145.7,-320.8,26.21706,-8496.0,8841.6,-10996.4
136.8,135.95,-365.1,26.27824,-8353.6,8846.4,-11011.8
-84.99999,197.9,-276.8,26.19117,-8504.201,8876.4,-10843.0
-39.8,133.35,-380.2,26.11588,-8523.0,8853.4,-11038.2
2.7,83.75,-322.6,26.22412,-8397.598,8862.601,-10969.0
-128.1,347.45,-234.05,26.16765,-8433.2,8875.2,-10976.2
71.45,111.4,-391.4,26.12059,-8556.399,8861.4,-11083.8
58.90001,76.15,-438.05,26.14647,-8424.4,8895.801,-10884.2
36.4,210.8,-330.35,26.12765,-8521.8,8875.4,-11042.0
58.25,154.45,-369.25,26.34176,-8413.2,8878.2,-10876.8
42.0,50.1,-445.2,26.23588,-8545.798,8895.4,-11063.8
-23.75,46.95,-380.2,26.15353,-8431.6,8880.0,-10922.0
-9.250001,199.65,-381.65,26.24059,-8536.0,8884.199,-11053.8
88.85,30.8,-433.05,26.23588,-8560.8,8912.801,-10944.6
-194.4,214.0,-262.6,26.14882,-8400.8,8857.6,-10899.4
79.4,271.85,-406.85,26.15824,-8542.6,8878.001,-11093.2
-67.45,208.1,-343.1,26.20294,-8527.801,8883.399,-10934.2
54.90001,249.3,-341.7,26.19117,-8478.8,8845.199,-11063.8
15.3,49.15,-382.2,26.24294,-8557.001,8874.599,-11029.4
-15.7,115.3,-373.7,26.18882,-8479.0,8893.999,-10947.4
-10.6,48.15,-425.25,26.19117,-8533.8,8853.4,-11083.2
-13.25,123.25,-352.0999,26.28294,-8503.6,8895.599,-10962.6
9.0,230.1,-308.2,26.24059,-8486.999,8861.601,-11094.8
74.75,-35.2,-489.25,26.20059,-8533.599,8895.0,-11033.8
-74.0,143.05,-331.45,26.28765,-8533.801,8896.601,-10909.4
92.0,17.7,-425.6,26.11353,-8566.6,8893.2,-11112.4
23.4,94.20001,-373.65,26.21235,-8421.6,8892.799,-10897.8
-120.2,189.35,-338.05,26.23588,-8643.001,8895.8,-11033.6
120.55,72.95,-408.0,26.21235,-8558.399,8883.2,-11060.4
-22.6,164.85,-369.85,26.24059,-8469.199,8900.401,-10970.2
-55.05,206.2,-367.9,26.20059,-8509.8,8872.999,-10991.4
16.35,124.05,-407.45,26.20059,-8578.0,8884.2,-10986.6
-33.9,224.7,-337.25,26.26882,-8551.399,8877.999,-11046.0
24.75,112.05,-392.7,26.23588,-8562.2,8893.4,-11022.2
24.2,170.45,-407.4,26.31589,-8448.601,8881.6,-10975.2
-12.15,87.99999,-413.3,26.17471,-8625.598,8900.6,-11053.2
46.35,167.8,-375.5,26.17,-8570.601,8899.799,-11033.8
-56.5,79.25001,-393.85,26.26882,-8516.199,8889.0,-11042.8
-17.55,169.6,-361.75,26.07353,-8520.202,8873.2,-10961.2
41.2,93.55002,-420.85,26.14412,-8561.399,8903.6,-11099.2
17.3,-60.85001,-418.4,26.19353,-8537.0,8901.999,-10997.2
23.8,266.5,-368.2499,26.20765,-8554.6,8867.6,-11006.0
13.65,108.85,-417.7,26.28765,-8565.8,8886.801,-11076.2
-168.6,237.5,-346.65,26.31824,-8580.2,8879.4,-11014.4
38.6,84.65,-430.05,26.15353,-8584.4,8877.4,-11055.6
-19.45,206.7,-379.65,26.22647,-8493.601,8876.8,-10955.0
-13.65,108.55,-422.8,26.36059,-8648.0,8889.6,-11172.6
19.75,87.25,-360.8999,26.15588,-8580.4,8883.601,-11029.2
37.14999,171.4,-404.65,26.17706,-8546.202,8869.999,-11016.4
-1.2,82.95,-417.55,26.2453,-8552.2,8900.8,-11052.4
-10.25,136.95,-370.5,26.14177,-8583.4,8869.801,-11081.2
47.4,79.7,-470.4,26.32059,-8520.199,8868.2,-11078.2
-49.7,201.2,-363.35,26.21706,-8513.4,8887.0,-10992.6
16.1,127.35,-434.05,26.2053,-8644.2,8900.8,-11205.0
45.4,116.3,-346.15,26.20529,-8556.6,8880.0,-11033.0
1.9,169.9,-399.35,26.27824,-8585.0,8893.999,-11034.2
63.25,162.65,-463.3,26.17,-8596.2,8889.8,-11119.0
-28.7,160.1,-354.15,26.2547,-8610.6,8881.8,-11018.2
11.05,182.7,-379.7,26.16765,-8591.999,8870.4,-11054.0
-24.85,99.05001,-388.1499,26.27353,-8638.4,8895.999,-11074.6
34.1,120.35,-405.55,26.25706,-8592.6,8881.4,-11062.0
-1.65,106.35,-418.35,26.24294,-8639.8,8895.0,-11042.0
52.45,22.85,-436.9999,26.23353,-8626.601,8891.801,-11107.8
24.7,227.85,-354.9,26.23353,-8560.8,8871.401,-11018.4
-42.10001,76.65,-420.75,26.17,-8644.2,8882.8,-11102.4
11.85,64.85,-401.75,26.11353,-8664.8,8868.401,-11086.4
-13.2,18.95,-419.6,26.23588,-8629.2,8881.2,-11016.0
64.5,143.25,-406.6,26.19353,-8588.6,8872.6,-11083.4
-4.099999,108.05,-416.45,26.06882,-8662.999,8897.201,-11031.2
-64.35,221.45,-331.2,26.34176,-8550.2,8851.4,-11109.4
77.9,75.70001,-478.65,26.22647,-8633.0,8876.8,-11087.0
-7.7,195.0,-364.2,26.28059,-8593.399,8883.8,-11013.8
-3.149999,64.0,-391.35,26.28294,-8641.4,8877.599,-11180.0
71.15,66.55,-452.35,26.26412,-8572.6,8889.998,-11014.0
3.600002,155.35,-358.1,26.26412,-8570.601,8878.6,-11113.4
2.300001,58.40001,-412.6,26.23824,-8618.999,8871.0,-11037.2
0.9500025,152.95,-394.85,26.20294,-8543.2,8882.999,-10972.6
-60.9,51.05,-358.95,26.18883,-8600.8,8867.6,-11135.0
37.65001,90.4,-421.75,26.13706,-8560.399,8862.599,-11047.8
10.65,118.35,-409.05,26.15824,-8550.2,8864.2,-11075.2
33.15,161.95,-394.9499,26.18412,-8580.2,8871.799,-11073.8
25.65,126.25,-430.9,26.20294,-8636.199,8886.8,-11014.6
21.45,121.65,-401.45,26.17236,-8625.6,8856.601,-11069.2
-23.15,77.15,-433.0,26.18882,-8573.001,8875.2,-11018.2
-44.6,155.25,-370.1999,26.31823,-8614.401,8886.201,-11065.6
75.35001,147.7,-445.5,26.12765,-8640.201,8889.8,-11090.4
-15.95,21.9,-404.75,26.13471,-8630.401,8896.4,-11062.0
66.45,60.35001,-426.45,26.24529,-8590.0,8870.199,-11039.4
-92.5,54.5,-388.65,26.22647,-8592.0,8875.0,-11063.6
20.2,248.45,-359.65,26.29471,-8576.8,8877.799,-11069.0
76.95,56.14999,-427.75,26.17471,-8602.599,8868.8,-11120.2
-96.2,1.900001,-358.95,26.29,-8511.199,8889.6,-10965.2
29.1,173.95,-389.35,26.19118,-8648.2,8875.999,-11176.6
40.59999,93.60001,-451.85,26.29235,-8535.4,8870.201,-11031.8
-0.5999998,231.8,-369.05,26.29235,-8560.799,8854.6,-11040.4
92.64999,90.35001,-446.0999,26.27824,-8613.799,8882.001,-11063.4
-89.65,130.9,-325.75,26.28294,-8560.599,8885.401,-10981.4
31.0,69.64999,-448.55,26.17941,-8629.399,8888.6,-11105.0
0.5499964,118.15,-385.1,26.27824,-8453.399,8868.8,-11007.8
32.4,53.85,-395.1,26.15353,-8693.999,8886.999,-11122.2
71.85,106.95,-419.85,26.19353,-8467.801,8850.6,-10993.4
-94.10001,123.55,-379.75,26.25471,-8602.599,8899.799,-11074.2
106.2,152.75,-417.1,26.24059,-8598.599,8883.8,-11092.8
-17.9,-17.75,-450.15,26.25471,-8541.4,8839.8,-10968.4
20.25,227.6,-354.5,26.11353,-8625.8,8870.4,-11054.0
45.85,12.75,-451.4,26.08294,-8543.799,8883.999,-11038.2
-9.536743e-07,195.55,-365.5999,26.35823,-8608.6,8874.4,-11000.2
32.8,92.2,-426.35,26.12765,-8627.599,8899.401,-11140.4
-29.65,103.15,-362.25,26.20059,-8506.4,8897.799,-10942.2
-17.3,127.95,-419.0,26.25706,-8656.6,8878.0,-11141.0
55.65,43.05,-419.1999,26.25,-8508.4,8876.599,-10991.4
-39.05,123.85,-370.1,26.25,-8592.6,8896.6,-11047.0
49.45,86.35,-428.35,26.29235,-8489.001,8851.2,-11088.8
81.95002,160.6,-431.1,26.19353,-8525.2,8877.4,-10947.0
-29.2,88.30001,-397.8,26.23118,-8601.4,8883.598,-11090.8
-30.3,170.4,-353.4,26.36059,-8491.199,8902.799,-10897.4
13.15,118.55,-391.65,26.14412,-8549.0,8859.4,-11165.2
11.1,-6.65,-408.55,26.19823,-8572.001,8888.8,-10970.6
-29.7,228.55,-330.0,26.27118,-8594.599,8878.599,-11070.0
70.0,97.45,-454.25,26.22412,-8574.999,8866.2,-11085.8
-29.0,123.4,-337.45,26.16294,-8584.201,8911.8,-11018.4
35.2,90.8,-421.2,26.27824,-8518.401,8855.599,-11115.2
-132.0,60.35001,-328.2,26.35588,-8546.399,8881.599,-10927.6
50.35,123.45,-418.45,26.21706,-8623.601,8855.599,-11104.4
-48.3,39.2,-430.25,26.23118,-8629.2,8889.2,-11074.4
-37.9,167.25,-359.55,26.06647,-8502.0,8862.799,-10941.2
34.95,109.45,-454.1,26.28294,-8593.8,8874.6,-11163.8
42.65,64.65,-446.5,26.28294,-8582.601,8902.4,-10975.2
-115.45,201.0,-327.2,26.15118,-8592.401,8876.8,-11038.4
122.5,68.75,-465.95,26.26882,-8610.399,8870.601,-11069.0
-34.6,149.2,-372.55,26.20529,-8552.401,8882.401,-11027.4
-34.65,119.4,-397.45,26.20294,-8621.0,8892.399,-11039.6
37.25,81.25,-417.8,26.26647,-8608.799,8864.799,-11065.8
-55.75,129.2,-342.05,26.28765,-8578.401,8901.2,-11038.0
17.2,19.2,-444.4,26.20294,-8535.2,8871.0,-11051.8
34.05,106.1,-380.0,26.26412,-8594.6,8872.6,-11050.0
10.3,68.54999,-409.1,26.33,-8527.4,8864.0,-11014.4
11.45,115.35,-401.85,26.23118,-8586.2,8870.999,-11061.6
-18.7,92.54999,-378.5,26.26647,-8631.0,8865.4,-11062.8
2.950003,15.55,-418.35,26.19824,-8504.801,8851.601,-10987.4
-46.25,182.85,-350.85,26.12765,-8498.401,8867.0,-11032.2
84.75001,21.15,-452.0,26.20765,-8638.0,8879.2,-11114.4
62.6,146.0,-382.2499,26.29235,-8471.199,8886.8,-10986.2
82.35,129.2,-402.2,26.14412,-8660.2,8912.4,-11103.4
129.8,60.75,-408.15,26.20529,-8473.601,8884.6,-10989.6
-48.15,97.05001,-370.0,26.27117,-8589.4,8908.8,-10951.6
-165.1,2.400001,-404.35,26.23588,-8502.001,8855.801,-11017.0
88.15001,29.95001,-390.2,26.13941,-8593.401,8874.202,-11176.2
118.4,2.55,-401.9499,26.29941,-8406.6,8887.401,-10924.0
-68.35,116.7,-341.15,26.2053,-8525.2,8893.399,-11054.6
25.05,99.7,-399.4,26.13,-8482.8,8884.601,-10972.2
-40.1,40.45,-454.65,26.29235,-8505.001,8890.999,-11006.0
-67.55001,131.8,-337.8,26.21235,-8460.799,8860.6,-11035.8
87.65,68.65001,-426.1,26.25706,-8530.6,8889.4,-10996.8
8.6,214.95,-418.3,26.23118,-8420.4,8873.2,-10917.2
-63.09999,25.75001,-454.3,26.26177,-8638.4,8865.199,-11126.6
-97.1,35.5,-390.4,26.29941,-8563.4,8874.199,-11097.8
-1.699999,-42.9,-403.7,26.14647,-8576.601,8871.6,-10961.6
7.5,0.7999978,-484.8501,26.17706,-8504.001,8868.399,-11032.4
-36.75,106.7,-332.95,26.33235,-8553.2,8875.4,-11010.8
32.94999,85.70001,-414.9,26.25941,-8394.199,8874.0,-10912.0
21.3,165.45,-410.4,26.15353,-8508.2,8850.399,-11056.8
-29.25,106.25,-348.25,26.25235,-8455.4,8859.0,-10974.0
41.9,25.05,-463.15,26.26412,-8499.0,8882.0,-10997.4
48.5,95.84999,-388.7,26.22176,-8461.2,8871.799,-10968.4
-76.60001,92.10001,-366.25,26.25235,-8506.8,8861.2,-11008.2
54.35001,102.6,-435.4,26.13235,-8471.0,8880.0,-10934.4
-50.4,18.5,-388.0,26.22176,-8507.6,8865.4,-10982.2
-49.4,94.99999,-401.4999,26.29706,-8416.199,8860.2,-10963.0
-51.1,32.35,-432.3999,26.27118,-8547.6,8854.2,-10978.2
63.45,80.45,-484.9,26.06882,-8346.399,8814.799,-11022.6
-92.15,123.2,-377.55,26.19117,-8476.801,8884.6,-10966.8
8.000001,19.4,-530.9,26.25941,-8466.199,8839.2,-11004.2
-77.80001,20.4,-541.1,26.32765,-8512.0,8845.799,-10999.2
-14.55,8.700001,-515.0,26.23353,-8202.0,8801.801,-10948.6
-32.5,55.85001,-481.25,26.33471,-8402.4,8815.8,-10974.0
-38.7,99.49999,-359.05,26.24294,-8391.6,8799.0,-11038.8
61.85,-186.45,-549.35,26.28765,-8426.201,8825.2,-10900.2
-138.95,-74.6,-503.8,26.17471,-8333.0,8765.8,-10941.8
-93.95,-583.4499,-891.5999,26.25235,-8550.6,8800.2,-10956.4
-151.65,-809.45,-1154.95,26.18882,-8049.001,8651.599,-10744.0
-573.8,-1659.3,-2105.9,26.33706,-8179.8,8931.399,-11319.8
-84.7,-613.4998,-590.7,26.23353,-7781.4,8536.0,-10652.2
-310.9,-746.8,-507.25,26.18882,-7789.001,8532.8,-10725.2
-23.65,-2976.75,-1198.55,26.29,-7642.4,8554.999,-10216.2
-697.25,-4102.9,-2624.55,26.22177,-7528.6,8604.201,-10504.6
-665.45,-3006.5,-1950.0,26.11353,-7033.0,8246.6,-9982.401
-1017.1,-3683.0,-2202.1,26.26412,-6706.801,8021.399,-9661.799
-1993.1,-3424.2,-5084.051,26.26412,-6998.0,6653.2,-9374.801
-3329.65,-4284.05,-5689.6,26.25706,-5093.0,6690.799,-10066.0
-1259.4,-2932.1,-3004.1,26.25706,-3842.999,6634.599,-9791.801
-1004.45,-3053.1,-1407.7,26.22412,-4731.002,6265.6,-9301.2
-676.6999,-3510.75,-2208.1,26.25,-4675.601,6329.8,-9106.4
-487.55,-3659.4,-2874.6,26.15824,-4315.402,5892.6,-8787.2
-1096.1,-2802.3,-2483.2,26.28765,-3689.4,5556.8,-8186.2
-438.2999,-3896.8,-2778.95,26.22882,-3678.202,5266.6,-8220.401
-357.9,-5208.15,-3586.0,26.09471,-3474.599,4568.6,-7708.2
-167.7,-5342.5,-5260.9,26.23588,-2697.999,4404.2,-7390.0
12.7,-4673.7,-4202.5,26.2453,-1481.001,4163.0,-6684.6
340.65,-3433.7,-2225.35,26.21,-1433.201,3943.8,-6231.399
-772.1499,-3535.8,-2746.6,26.18647,-2521.2,3692.2,-5383.6
-1011.05,-3191.95,-4708.4,26.33235,-1615.799,3299.0,-5594.001
-927.45,-3204.3,-4035.8,26.17235,-1131.401,2980.0,-5000.6
-1630.5,-3438.8,-3428.699,26.31824,-994.7989,2430.2,-4930.2
-1799.6,-4081.3,-2779.0,26.19823,-622.5996,2039.6,-4376.4
-2380.25,-6862.601,-1997.95,26.33941,-662.5996,1708.8,-3900.8
-1353.1,-6016.0,-1767.5,26.22176,-93.40039,1699.6,-3611.2
-415.0,-3495.5,-601.7001,26.24765,-345.0,1535.2,-2780.6
107.65,-4903.45,-678.7499,26.20765,-558.0,1450.8,-2029.8
376.3,-2341.75,-849.35,26.21235,79.40039,1216.0,-1805.2
798.4,-1273.5,-1199.55,26.10412,-259.4004,1298.0,-1774.8
603.95,-924.3501,-1565.7,26.21706,-348.6016,1326.2,-1476.4
136.4,-112.7,-2503.95,26.23117,-527.7988,1175.6,-1519.4
-272.4,-351.5,-2501.85,26.12765,1036.201,869.0,-1114.6
83.20001,-1752.75,-484.7,26.29235,-542.0,918.7999,-1512.2
-66.75001,-2146.75,-485.65,26.18883,-8.0,691.4,-583.2
-254.8,-1924.25,-541.2999,26.26412,19.40039,544.8,-475.4
143.55,-43.95005,-1698.45,26.29706,-1832.6,728.0,-649.4
114.6,-989.6501,-3771.7,26.24059,-27.05078,-235.4,-238.4
-4.950006,-458.0,-315.2,26.17,192.6016,-69.19998,-235.6
-420.65,-451.9499,-279.85,26.13235,-59.40039,11.00002,-288.0
-1001.8,-356.95,-266.8,26.23353,-11.20117,130.0,-494.6
-1077.1,-727.0999,-247.5,26.21941,-21.20117,-25.60002,-201.2
-1601.8,176.4,-359.35,26.29235,-60.0,90.59999,-192.4
-98.85001,244.65,-461.05,26.25,-8.800781,227.2,-252.8
135.5,-209.4,-375.75,26.25235,45.40039,11.59998,-210.4
5.749999,223.65,-445.5,26.30647,21.40039,36.00002,-128.8
5.0,67.55,-389.2,26.27118,-25.79883,65.40001,-29.59998
4.3,107.5,-397.35,26.27823,-37.39844,57.59999,-16.79999
12.95,105.2,-396.65,26.22647,-59.80078,52.2,-41.59997
3.8,110.7,-397.55,26.26412,-19.79883,64.99999,-22.20001
5.349999,102.0,-395.8,26.25471,-54.20117,69.8,-36.8
8.5,114.75,-396.2,26.22177,-26.19922,69.59999,-36.80002
8.05,112.7,-398.9,26.20765,-50.80078,77.59999,-24.60001
8.2,110.4,-396.7999,26.26882,-50.80078,68.60001,-13.60001
3.900001,109.0,-396.1,26.17,-34.59961,53.80001,-30.39999
6.6,115.6,-399.05,26.29471,-11.60156,44.60001,-28.20001
6.05,107.3,-401.35,26.16765,-39.00195,71.2,-43.4
7.5,110.2,-399.95,26.19823,-11.40039,85.6,-26.40002
6.0,115.75,-396.2,26.15353,-40.80078,70.60001,-26.20001
7.400001,106.9,-398.75,26.27118,-31.40039,63.79999,-28.60001
6.45,113.8,-400.85,26.24059,-31.0,45.40002,-31.0
3.3,114.3,-401.2999,26.29941,-13.40039,78.40001,-33.59998
7.55,111.0,-395.9,26.27118,-20.39844,70.39999,-34.19998
4.85,114.55,-399.9,26.16294,-36.20117,70.00001,-49.99999
6.849999,111.65,-392.8,26.34412,-11.40039,52.60002,-23.39999
7.0,111.3,-400.25,26.31353,-49.60156,33.60001,-31.0
7.199999,109.2,-398.6,26.30647,-21.79688,68.79999,-44.40001
10.0,108.45,-393.15,26.30882,-31.60156,68.59999,-37.8
6.65,108.5,-398.2,26.26412,-55.59961,59.79999,-27.0
7.3,110.4,-396.8,26.21235,9.800781,70.39999,-19.19998
7.7,113.35,-396.6,26.34176,-8.400391,77.20001,-8.799988
8.85,108.6,-398.55,26.26647,-18.19922,57.8,-10.80002
8.000002,110.0,-403.5501,26.28765,-11.79883,61.60001,-32.79999
5.2,116.05,-403.35,26.18883,-37.80078,52.39998,1.000031
11.1,109.15,-393.5499,26.22412,6.398438,61.40001,-18.0
4.35,113.15,-396.95,26.30176,-44.80078,49.00003,-5.200012
10.65,113.1,-400.1501,26.21235,-8.601563,59.2,-34.0
8.150001,114.3,-399.9499,26.1653,2.802734,63.2,-32.40002
6.3,113.2,-393.6,26.33235,-29.80078,74.60001,-31.0
3.35,113.0,-397.8,26.18177,-36.80078,72.8,-43.19998
9.95,114.0,-400.2,26.23353,-61.0,69.2,-26.20001
6.05,111.7,-394.7999,26.22176,-55.39844,55.8,-28.60001
10.45,113.5,-403.75,26.28059,-10.40039,32.79999,-23.0
-2.1,114.3,-396.5,26.30412,-31.79883,70.40001,-32.79999
12.55,111.25,-395.4,26.24765,-18.00195,66.60001,-15.59998
8.7,112.05,-394.75,26.26176,2.199219,44.8,-48.0
9.65,111.25,-399.45,26.28765,-27.60156,64.59999,-25.19998
10.75,107.35,-398.0,26.35118,-32.19922,63.60001,-17.39999
6.75,115.3,-400.05,26.15118,-24.40234,57.0,-33.20001
7.900001,114.9,-399.9001,26.16294,-50.39844,70.80002,-32.4
4.950001,111.7,-400.05,26.12765,-47.40039,49.0,-30.60001
4.3,110.85,-399.75,26.23588,-15.40039,38.20001,-26.0
3.3,113.0,-395.95,26.22176,-33.00195,58.2,-27.60001
5.300001,111.7,-399.6,26.16765,-25.20117,68.80001,-19.60004
7.099999,113.15,-394.9499,26.34647,-47.0,47.2,-17.60004
1.799999,114.2,-392.2,26.29941,-13.59961,57.19998,-38.60001
4.800001,114.15,-395.0,26.17706,-19.40039,70.40001,-8.200043
8.55,112.75,-395.6,26.18412,-48.60157,46.39999,-11.60001
8.05,110.3,-395.5,26.14177,-12.40234,81.40001,-27.80002
7.299999,113.7,-401.5,26.13471,-38.20117,73.2,-31.00003
5.7,108.6,-396.45,26.27118,-50.59961,27.0,-41.99998
6.349999,111.7,-393.75,26.31353,-21.59961,61.8,-3.0
7.75,113.5,-395.5,26.23588,-23.00195,46.0,-24.20001
3.1,114.9,-399.4,26.25706,-27.40039,70.60001,-10.40002
5.15,108.8,-396.25,26.18647,-21.80078,75.59999,-35.20001
5.849999,106.6,-396.15,26.34647,-20.19922,66.20001,-46.39998
3.75,116.2,-397.85,26.21236,-25.19922,55.40001,-42.59999
6.15,109.85,-396.0,26.18412,-36.99805,83.0,-45.59999
3.2,112.45,-399.55,26.27353,-13.59961,54.0,-44.40001
9.299999,108.95,-398.9,26.34882,-33.59766,73.79997,-13.79999
7.699999,114.4,-399.1,26.19823,-30.40039,83.60003,-16.20001
7.300001,111.25,-396.15,26.28059,-4.800781,57.8,-33.19998
4.650001,112.45,-395.65,26.20765,-15.80078,70.59999,-17.99997
6.3,115.1,-395.95,26.20059,-44.79883,69.40001,-18.20001
2.5,109.2,-397.3,26.29941,6.998047,82.99998,-55.20001
9.35,114.25,-395.4,26.20529,-23.0,89.00001,-4.0
7.3,110.2,-394.3,26.21941,-16.40039,76.2,-22.20001
8.150001,107.4,-401.8,26.17471,-30.80078,58.60002,-12.0
7.05,112.55,-400.0999,26.19824,-29.20117,72.59999,-23.79996
6.4,116.75,-400.0999,26.29,-18.20117,49.60002,-12.80002
3.35,111.55,-396.6,26.30882,-65.40039,65.59999,-26.0
6.3,110.85,-398.7999,26.18176,-19.80078,72.59999,-49.40001
8.75,110.4,-393.1499,26.26177,-58.39844,80.59999,-24.60001
5.35,111.75,-400.2,26.19588,-63.59961,71.2,-41.59999
8.65,111.3,-398.05,26.20764,-5.400391,81.20002,-36.99999
8.249999,109.95,-396.4,26.24765,-25.60156,46.80002,-35.99997
-0.2999998,110.95,-391.9,26.29235,-41.39844,49.59999,-34.60001
8.900001,114.3,-404.4,26.28058,-37.79883,55.60001,-32.19998
8.650002,111.4,-400.1,26.24059,-12.79883,61.99998,-41.0
7.2,110.35,-394.9,26.14882,-6.601563,44.8,-34.20001
3.65,114.5,-398.95,26.22647,-51.39844,61.8,-31.40002
8.950001,112.4,-395.7,26.27588,-31.80078,79.8,-32.20001
5.45,114.0,-393.6,26.13941,-40.0,29.40001,-27.4
6.5,108.95,-396.95,26.18882,-21.99805,35.00002,-1.800018
7.199999,113.1,-399.3999,26.10883,-14.0,55.79999,-36.60002
5.2,111.75,-396.7,26.24529,-20.40234,46.60001,-40.60001
4.75,108.8,-396.6,26.12294,-34.20117,68.0,-23.80002
10.1,117.0,-399.65,26.26177,-38.80078,71.60002,-30.20001
8.5,115.0,-397.8,26.15824,-32.39844,75.59999,-19.0
2.2,108.3,-400.0499,26.32765,-31.79883,52.40001,-44.59999
4.450001,109.75,-398.7,26.27824,7.400391,63.40001,-17.39999
11.6,113.5,-395.3,26.18647,-29.59961,61.0,-23.40003
10.65,115.15,-397.05,26.19117,-29.59961,74.59999,-42.0
7.149999,110.65,-400.45,26.2147,-22.20117,77.2,-7.799988
8.25,112.1,-393.25,26.17941,7.197266,54.60001,-30.80002
5.0,115.6,-393.6,26.14882,-50.99805,61.8,-44.60001
12.0,112.05,-398.0,26.27353,-52.40039,69.0,-24.60001
5.0,110.0,-396.0,26.26647,-49.80274,78.80001,-34.00003
6.55,112.05,-401.95,26.24765,-25.00195,69.19998,-50.19998
4.95,111.25,-401.0499,26.15118,-20.0,59.8,-11.39999
2.85,112.35,-397.9,26.21941,-34.79883,65.8,-33.0
10.15,117.05,-400.85,26.16765,-33.40039,75.00001,-50.79998
8.15,109.25,-395.95,26.24059,-43.79883,59.79999,-2.400055
3.6,111.9,-398.7,26.15588,-40.0,73.60001,-56.00003
7.900001,113.9,-397.65,26.27588,-35.80078,67.19997,-29.0
12.75,110.5,-397.7,26.31588,-45.59961,74.0,-18.39999
5.1,114.15,-393.5,26.15824,-42.40039,55.8,-31.00003
9.200001,112.35,-396.3,26.15824,-20.19922,60.19998,-29.20001
11.1,113.7,-392.7,26.20294,-30.59961,60.39998,-31.79999
2.25,113.65,-398.15,26.1653,-15.19922,60.8,-11.20001
3.35,114.85,-397.5,26.21,0.1992188,56.0,-21.39999
5.45,114.65,-399.1,26.25706,-37.59961,69.2,-37.0
10.25,114.85,-400.45,26.22647,-42.80078,68.40001,-5.399994
7.0,113.05,-393.2,26.20765,-48.40039,84.20001,-37.8
2.15,110.75,-400.55,26.26647,-43.19922,67.60001,-63.2
9.500001,115.95,-394.55,26.21706,-29.60156,69.60001,-15.39999
7.050001,108.55,-395.4,26.27353,-43.00195,64.2,-14.79999
7.2,112.0,-399.5,26.27118,-29.20117,79.0,-44.4
8.650001,109.75,-396.7,26.17471,-40.80078,59.20002,-23.60001
6.95,115.95,-396.6,26.20764,-47.40039,75.39999,-41.39999
11.8,112.45,-402.1,26.2053,-21.20117,56.39999,-25.99997
6.1,111.5,-397.4999,26.27353,-44.59766,52.20001,-17.60001
5.8,113.85,-400.85,26.13,-47.59961,60.19998,-23.39999
4.25,110.5,-397.55,26.13941,-33.59961,65.2,-20.60001
11.35,113.95,-401.9,26.28059,-16.99805,53.60001,-38.2
10.55,107.65,-397.8,26.24059,-24.60156,50.59999,-16.79999
7.449999,109.5,-396.0,26.2147,-17.59961,75.79999,-38.60001
6.55,111.1,-399.15,26.24294,-46.39844,69.8,-17.79999
6.0,112.55,-402.6,26.21235,-8.0,42.8,-37.60002
10.4,115.75,-395.55,26.20059,-41.19922,65.8,-2.200012
4.2,105.4,-397.2,26.1653,-21.39844,47.39999,-50.39999
6.9,114.55,-395.9,26.2053,-68.59961,43.80001,-24.79999
5.850001,114.2,-399.25,26.22177,-28.80078,63.59999,-32.59998
3.65,111.95,-401.1499,26.25235,-46.40039,36.19998,-26.20001
9.55,106.5,-396.25,26.24294,-30.59961,63.60001,-31.79999
3.5,108.95,-398.75,26.27824,-40.0,86.2,-27.80002
9.449998,108.1,-400.9,26.19823,5.001953,51.60001,-22.20001
8.849999,112.4,-397.7001,26.17235,-19.19922,65.20003,-30.40003
6.700001,111.95,-397.2,26.30883,-12.40039,67.20001,-28.60001
8.45,112.7,-395.15,26.29706,-12.19922,56.19998,1.800018
11.0,109.35,-395.3,26.22412,-30.59961,68.59999,-34.79999
6.35,117.7,-399.45,26.09706,-2.800781,84.8,-44.20002
7.449999,112.65,-397.8,26.16059,-46.59961,51.20001,-41.79997
7.65,112.4,-398.0999,26.14177,-49.59961,76.2,-30.39999
7.999999,115.35,-398.25,26.25,-36.80078,81.0,-36.59996
8.45,116.1,-396.95,26.19117,-35.99805,49.60001,-23.39999
8.75,112.8,-394.8499,26.2453,-15.19922,84.4,-21.80002
6.35,111.65,-397.25,26.23588,-34.39844,73.39998,-23.19998
9.100001,109.05,-398.4,26.29,-32.00195,80.2,-34.20001
5.55,111.95,-397.7,26.25,-37.99805,74.4,-43.60001
2.0,112.85,-401.6,26.22412,-14.39844,40.39999,-28.59998
7.1,111.9,-392.1499,26.12294,-25.40039,45.00001,-8.0
6.85,109.8,-397.8,26.13471,-31.79883,70.8,-8.0
6.700001,111.8,-394.0,26.13,-33.40039,66.8,-28.40003
12.2,109.4,-399.3999,26.25471,-36.79883,50.59998,-39.2
3.2,106.55,-395.45,26.32529,-52.60156,39.60002,-18.60001
6.0,115.6,-395.25,26.11588,-29.79688,62.0,-10.19998
9.75,112.35,-398.15,26.24529,-47.99805,52.20001,-26.19998
8.099999,110.3,-403.85,26.29471,-28.59961,61.2,-28.00003
10.8,114.9,-397.3,26.14177,-57.00195,66.8,-38.8
5.699999,113.7,-395.6,26.22176,-36.40234,87.40001,-45.0
6.349999,109.35,-401.5,26.21,-9.201172,52.40001,-46.20001
9.549999,111.7,-398.1,26.22177,-29.19922,64.39998,-50.60001
10.8,111.0,-395.75,26.19823,-40.59961,53.4,-21.80005
9.65,108.5,-397.2,26.2547,-42.40039,50.39999,-40.19998
3.95,111.95,-397.25,26.29706,-60.80078,50.39999,-25.20004
10.3,110.0,-398.05,26.17471,-14.20117,59.79999,-29.20001
2.8,111.2,-401.25,26.27824,-44.59961,64.4,-29.20001
4.7,109.3,-399.0,26.23353,-20.80078,40.39999,-17.20001
9.700001,114.6,-400.35,26.21235,-35.80273,43.0,-43.59998
5.9,117.2,-403.7,26.20294,-49.40039,79.79999,-12.60004
8.9,114.5,-397.75,26.20059,-19.19922,48.60001,-49.2
9.6,116.2,-390.65,26.17471,-32.19922,80.80001,-21.20001
7.9,110.9,-399.2,26.31588,-25.99805,80.0,-22.20001
4.599999,112.75,-393.0501,26.18883,-37.59961,65.2,-10.39999
6.3,107.95,-398.35,26.21,-47.0,62.20001,-13.19998
8.400001,110.7,-398.55,26.28059,-25.59961,70.00001,-7.0
7.55,110.65,-401.55,26.21941,-32.80078,47.59999,-39.59996
11.9,114.75,-400.05,26.15588,-31.59961,57.40001,-26.60001
3.25,113.35,-399.0499,26.18176,-47.40039,51.60001,-18.0
7.25,112.1,-398.6,26.19353,-38.19922,54.0,-40.60002
4.85,105.75,-395.65,26.23823,-48.9961,61.8,-27.59998
2.65,111.3,-393.35,26.17471,-31.19922,53.19998,-28.39999
2.2,112.65,-390.8,26.28059,-45.20117,63.40001,-44.80003
0.2500001,113.0,-399.45,26.24765,-35.99805,36.8,-34.0
11.0,110.75,-396.2,26.30647,-22.19922,75.39999,-24.20001
4.199999,112.0,-398.85,26.23588,-52.19727,57.99999,-23.60001
5.9,107.8,-396.15,26.19823,-31.00195,71.59997,-26.80002
10.15,112.65,-398.7999,26.18176,1.800781,54.4,-34.59998
14.5,116.9,-391.2,26.23588,-18.39844,80.2,-2.200012
8.75,111.8,-396.95,26.23588,-31.40039,78.99997,-36.60001
5.349999,110.45,-396.35,26.19823,-57.19922,29.60001,-13.0
5.7,112.05,-401.45,26.23353,-50.20117,66.39999,-2.199982
6.2,113.95,-398.0,26.23824,-37.79883,71.0,-25.0
8.15,114.45,-398.2,26.24764,-24.0,65.99998,-31.39999
6.85,109.75,-400.8,26.25941,-18.60156,28.59999,-25.20001
8.849998,108.7,-398.0,26.30177,-30.20117,66.2,-11.60001
6.35,109.3,-401.15,26.25235,-35.60156,55.60002,-28.20001
4.75,111.7,-394.4,26.22647,-7.400391,71.8,-17.80005
5.15,109.9,-396.45,26.14177,-25.99805,50.20001,-26.20001
4.85,112.2,-401.6,26.18412,-13.0,77.8,-34.79999
1.75,113.8,-402.0,26.22412,-52.79883,68.60001,-22.40002
12.65,111.3,-395.55,26.27823,-34.0,61.0,-33.39999
8.7,112.3,-392.15,26.22412,-29.40039,66.80002,-18.80002
6.1,110.25,-395.3,26.24059,-24.79883,66.60001,-58.59999
6.95,106.5,-396.55,26.28765,-23.0,67.00002,-7.0
3.65,111.15,-397.35,26.28294,-30.59961,64.0,-10.19998
5.35,115.3,-396.5,26.19118,-39.0,54.4,-15.80002
4.9,113.8,-396.15,26.2453,-46.80078,45.20001,-29.60001
6.450001,116.85,-399.2,26.16529,-39.39844,62.8,-27.60001
3.3,110.45,-398.0,26.18882,-49.79883,48.59999,-9.600006
6.8,111.05,-398.7,26.17941,-21.0,58.40001,-40.80002
6.349999,112.9,-400.85,26.17235,-56.59961,69.8,-21.0
2.75,110.15,-403.4,26.17236,-26.0,77.40001,-50.39999
2.85,115.6,-399.0,26.22882,-50.0,73.60001,-21.60001
0.75,115.4,-400.65,26.21706,-14.0,69.0,-45.20001
8.2,112.85,-395.15,26.25,-50.79883,79.2,-17.19998
5.150001,112.45,-394.2,26.24294,-14.0,66.40001,-71.8
1.55,109.95,-394.75,26.25,-21.80078,71.40003,-24.80002
10.35,111.45,-401.95,26.2147,-21.79883,96.00001,-29.79999
8.35,111.9,-401.05,26.21236,-33.0,45.39999,-12.0
6.949999,115.0,-398.1999,26.21235,-64.99805,68.2,-28.80002
9.550001,112.45,-398.8,26.25941,-11.0,55.40001,-27.0
7.599999,112.85,-398.25,26.27588,-13.19922,54.99999,-48.2
5.95,112.95,-398.75,26.11823,-47.20117,77.39999,-1.0
5.75,113.55,-396.2,26.20764,-41.59961,77.0,-45.0
5.25,107.45,-400.05,26.25471,-30.80078,81.59999,-46.80002
6.150001,113.45,-397.2,26.23824,-36.59961,55.59999,-36.20001
4.0,110.45,-398.15,26.13,-24.79883,61.40001,-22.60004
2.6,111.05,-394.9,26.25,-29.80078,74.60001,-29.80002
9.049999,111.2,-403.3,26.16765,0.2011719,47.60001,-12.60001
7.75,109.25,-397.8,26.35118,-35.0,49.40002,-4.199982
10.7,116.55,-399.1,26.26882,-52.40039,42.79999,-35.79999
8.25,113.55,-395.75,26.22647,-44.0,41.60002,-44.0
8.65,112.55,-395.7,26.23353,-60.19922,60.79998,-33.80002
5.95,112.1,-398.75,26.31353,-40.19922,31.99999,-32.79999
7.299999,111.6,-398.7499,26.25941,-22.0,52.8,-29.0
5.05,110.6,-397.1,26.17941,-53.79883,83.2,-9.600006
5.05,107.05,-397.9,26.13471,-36.80078,70.39999,-36.19997
2.85,113.05,-397.15,26.09236,-28.19922,51.79997,-17.20001
7.8,112.45,-398.75,26.20765,-19.19922,79.8,-29.59998
4.95,106.5,-393.15,26.24765,-24.0,59.19998,-19.40002
9.95,113.5,-396.5,26.21235,-37.0,57.0,-44.4
7.85,114.2,-394.1,26.27118,-11.40039,59.80002,-37.59998
8.95,114.0,-393.85,26.16529,-22.40039,52.60001,-36.59999
4.1,106.1,-402.4,26.27824,-33.19922,56.60001,-37.59999
6.2,113.5,-394.4,26.19823,-56.40039,71.0,-28.79999
5.4,109.65,-398.1,26.16059,-7.798828,67.20001,-18.0
8.5,115.5,-398.55,26.33235,-5.800781,53.79999,2.799988
6.750001,113.9,-393.1,26.12765,-31.39844,52.79997,-26.39999
4.3,112.15,-398.6,26.18647,-60.59766,65.0,-29.20001
13.25,113.85,-400.4,26.18882,-40.0,63.59998,-15.39999
6.05,105.85,-403.2,26.31118,-20.40039,62.60001,-23.99997
10.15,113.95,-399.0,26.16529,-33.80078,59.00003,-15.99997
9.9,117.7,-396.45,26.20764,0.4003906,90.99998,-26.60001
6.35,114.25,-396.25,26.17235,0.3984375,83.0,-25.79999
11.1,116.15,-395.45,26.40059,-25.80078,44.4,-21.79999
5.0,111.85,-393.8,26.23353,-46.80078,78.19998,-25.39996
7.2,115.5,-400.45,26.10883,-50.19922,69.59999,-25.0
6.1,113.7,-398.6001,26.25471,-50.0,81.40001,-45.00001
8.4,113.75,-395.6501,26.16529,-24.0,75.39999,-27.59998
9.55,115.2,-394.5,26.27353,-37.80078,49.40002,-7.200012
9.099999,106.85,-399.0499,26.24529,-39.80078,55.80003,-41.79999
5.949999,113.95,-399.9,26.23353,-14.80078,76.59999,-8.399994
